288.41655
1041.97508
3481.37357
1644.61004
2994.87610
1959.37530
2330.96919
728.07391
942.90476
3346.95889
1482.43889
794.87185
823.73546
880.32610
2714.65097
2388.49329
2583.20061
2036.57110
3719.03460
2993.79034
736.79233
231.81476
218.67394
207.67024
195.97502
189.69164
169.10330
153.59656
140.74381
132.59049
127.95302
122.09062
118.27306
115.36846
110.28168
109.34084
108.00136
105.13132
103.88825
94.59022
93.78322
92.50926
90.40598
89.70355
87.04462
84.45075
84.06494
84.75785
83.04187
84.01909
83.51818
82.80768
82.90170
82.96895
78.66094
78.12109
78.68647
77.63153
75.15502
74.75697
72.12429
71.39785
71.81103
