960.47467
89431.34726
85832.34060
91850.30491
117984.61268
86917.02651
147867.87326
4122500.58153
322197.49662
64182.42824
121980.23048
85679.84177
126341.97011
184893.15371
182815.16298
256542.93808
1175331.08047
340885.03713
140969.76146
171326.59475
164488.78599
84769.60597
52723.97436
578.43296
567.28063
526.82868
539.17063
992.22089
467.35738
676.57650
518.20370
413.32900
393.90188
363.92904
316.43872
314.61673
306.22938
297.60596
284.71969
275.62927
267.79773
257.48834
254.24524
249.12559
239.10963
233.12464
231.70009
225.02184
216.82067
211.40131
206.23703
206.17550
206.15747
204.63339
204.03739
203.45595
200.23450
196.30322
195.95842
193.83556
191.39854
190.50406
191.66425
191.77226
189.84008
188.71692
187.56688
186.98225
185.99454
185.75554
185.18498
185.18490
185.08222
185.00584
185.02858
180.47083
180.42494
180.33238
180.25216
180.23972
180.25442
179.87760
179.28235
179.91345
179.18891
177.74979
177.15039
176.79770
176.11468
177.78573
175.91805
175.78882
173.87846
174.21854
172.01880
170.46190
168.76870
166.55092
164.19887
164.47616
164.21324
164.21241
164.19046
163.02359
162.91894
162.52989
162.47670
161.13613
159.06430
155.85115
154.61492
153.45191
150.04472
149.69625
149.69340
149.80805
148.38514
148.48352
146.51191
