726.16461
41776.66556
682976.27760
20446.60727
28831.97310
40938.69915
42294.72452
70678.97414
30295.56341
29251.18129
32285.74185
26380.64086
341291.53021
83326.14881
96039.05797
94897.71409
146106.46118
101877.04317
58867.56193
116499.68485
97995.59895
184564.98188
58159.51923
109794.31510
487050.80908
387302.62361
385429.22853
872.90965
807.18089
924.52023
654.79510
562.43148
516.42670
482.45897
431.14305
382.25719
341.82755
307.95402
292.38646
255.96341
247.53715
233.84913
233.14889
227.26956
221.55363
213.98377
207.74118
200.89468
186.84449
173.63351
171.74259
167.27772
163.91236
162.79298
162.03450
159.65262
159.45345
155.15780
154.65029
151.40520
151.17397
150.69416
149.89678
149.73246
149.72390
148.41835
146.57611
143.83716
143.01114
145.04155
137.00100
133.29173
132.99651
132.75789
131.35930
129.59750
113.71791
114.59202
117.36469
113.71454
117.05387
122.23113
112.23870
112.61517
112.07137
112.28791
111.44509
113.63700
111.21235
111.28677
109.23459
109.28606
109.22251
109.20139
109.10291
109.19135
108.17717
111.02326
107.69989
109.97760
107.14012
107.02253
106.85823
109.59882
107.49854
