2980.08269
627900.35100
177171.18831
181204.11377
87216.84978
62765.51759
1242023.69200
586813.69029
111858.17544
43394.35357
414773.78519
94805.70582
152134.28237
32740.79092
16040.42078
33129.80445
1508023.23800
1124368.55454
149500.00337
13865.91980
23073.38668
14284.23782
13012.92048
22630.36514
1932.19874
1615.36220
1578.16145
1224.97047
1100.71820
943.22702
766.10890
627.52150
630.08822
433.66705
410.72860
375.66936
344.91181
339.73778
289.11511
282.49599
262.15535
256.63707
237.97767
242.41993
234.13127
245.93877
216.40786
216.30788
200.97984
201.87919
190.94627
186.56867
184.20485
198.78221
189.42334
168.99115
167.90107
170.26181
167.62675
174.73949
168.48114
171.46951
170.29398
171.09402
181.10725
165.87910
170.44652
166.75362
163.67163
159.41453
170.20403
181.42165
168.56863
157.53887
161.71309
159.69687
156.83365
167.64793
157.97380
157.31788
157.86018
160.80888
161.22119
160.10604
170.73870
157.72182
168.36007
162.79622
172.35409
169.12787
156.79940
155.32444
157.72571
161.78752
154.26298
164.73554
167.71815
158.66008
155.17337
154.43094
176.74292
155.70253
169.77451
169.40427
168.98476
150.36866
155.02728
161.57803
153.90673
153.93196
160.62741
152.65730
154.84415
153.84786
158.23393
164.05552
149.31580
155.70366
155.69975
165.05522
147.05981
153.48147
154.59224
157.01387
