5432.17466
307.91809
310.34489
5615.85373
213.83296
372.07396
273.78452
1645.01101
107.48193
204.15276
233.19633
282.81812
129.06770
289.19288
12684.08849
4800.00761
979.92244
315.67866
867.59798
821.78882
854.65525
1468.86868
2651.83908
199.34838
101.90092
97.01481
93.05177
92.22875
89.31482
83.73257
81.34940
71.43594
68.14471
57.34383
53.38660
50.55594
49.17078
48.39243
47.43008
47.31081
46.21900
45.87813
45.57659
43.67529
42.57708
41.92835
41.46107
41.43097
40.83652
38.24073
38.20636
37.77311
37.50302
36.71227
34.49563
33.33981
32.91787
32.92416
32.71680
30.73074
30.57768
30.37914
30.27366
30.00280
29.95292
29.95379
29.94817
29.92463
29.67058
29.53115
29.50860
29.48549
29.46548
29.46413
