10387.90579
4983.16635
1576.02863
5269.90692
1021.14972
620.02685
727.23485
2690.77747
998.92051
709.10774
935.32217
867.38111
645.76627
667.69366
1849.95986
880.60674
847.64245
541.97489
772.68018
1355.15326
1318.23877
3348.10955
2696.16466
2693.74871
556.58598
6148.50032
1739.53124
645.93386
2158.40516
686.45116
4311.65807
897.64644
574.79187
520.71286
479.22769
452.72634
439.19428
398.65340
382.73668
368.88505
314.88154
293.03104
275.21576
259.80979
243.97765
237.10698
233.05973
232.92560
232.07363
229.81064
212.80430
189.12680
174.41177
172.73506
166.46179
164.09238
159.67750
151.41175
150.91164
150.47052
151.85656
149.07619
148.78139
148.21286
147.92529
147.06428
146.69358
146.64358
144.78117
134.88939
133.10332
133.23660
133.10307
132.46436
131.97043
130.75950
130.66850
128.01479
127.20826
124.20746
124.80292
124.17499
117.97591
120.63853
119.61952
117.71077
117.73136
123.40892
117.91029
117.71911
118.61819
118.29641
117.48097
117.50721
116.41196
116.42994
116.58719
115.97927
116.37727
115.65289
115.83760
115.98082
106.10807
104.30760
99.64318
98.54170
98.43672
98.59693
100.05659
98.53876
96.06149
95.76674
93.94848
85.35295
76.66148
74.61642
73.95846
73.86232
71.39896
71.36689
72.12370
70.54834
76.06464
70.72879
69.94521
69.74962
69.38924
68.89138
68.88660
69.51957
68.74329
69.57757
69.55620
