955.80585
14180.43649
6387.94134
12587.76349
10120.43379
7140.82062
6954.43824
7016.18570
7462.76203
8960.38660
12407.74906
948.63388
792.96256
744.95167
712.42491
689.25520
603.81771
579.16218
568.83036
557.22868
545.99063
534.30941
531.63312
489.32533
470.51683
433.82557
429.41903
413.85820
380.94888
379.64206
361.56638
349.78459
348.81990
344.87169
334.91043
326.53359
325.08932
323.08345
322.79055
322.18725
320.92834
320.16477
318.80139
318.20785
316.76116
314.72217
314.27858
312.55196
312.49138
312.37939
311.13256
311.07612
310.86500
310.27450
309.90273
309.69529
309.61015
309.37697
302.86011
284.54705
281.82554
280.39137
280.29564
278.51020
278.62515
278.49362
278.47885
278.28415
278.05206
277.52826
277.33401
277.26966
276.45670
271.34641
271.21968
271.33520
270.70771
270.74144
270.83722
270.74661
269.83144
269.95536
268.69490
268.21435
267.85664
267.86435
267.63736
267.70785
267.60838
267.59016
267.69923
267.62431
267.53179
267.85004
267.41624
267.51185
266.77999
266.61304
265.43368
240.97578
239.89681
242.14047
239.87560
239.63854
239.74091
199.19628
199.11287
198.89591
198.91672
194.53155
194.44864
194.31423
191.79582
188.01706
186.85603
186.92727
185.58215
183.40029
182.92901
175.07071
174.74876
174.76509
172.94627
168.58650
168.73736
168.22691
159.07085
156.20597
154.86573
152.48239
151.46116
150.66182
150.31806
148.45609
148.00673
