3951.88638
50028.56197
45769.37938
186443.60571
35581.77122
33909.69604
49188.52038
128755.56878
150861.24057
111231.81112
21350.25236
41805.22255
48718.68652
141318.23670
187619.68000
61752.43227
47027.47532
252220.27554
115851.58913
12763.23630
19667.62366
8683.32820
2996.28986
2596.92128
2093.31132
1382.69319
1107.09778
918.12523
820.77427
686.62253
661.89071
628.32071
546.30422
497.19319
384.55909
363.57658
332.43411
312.77121
311.77775
323.28670
272.50699
270.26707
282.27314
276.09297
266.16659
260.52937
251.09158
258.06029
238.86937
235.65152
243.34850
239.73673
237.24763
250.05854
236.70740
247.27739
241.72449
244.63205
236.00210
244.30947
230.05392
254.93109
239.57717
249.75222
236.52740
231.05338
239.61652
239.19934
228.37312
235.91853
245.80484
229.79855
229.75300
220.74031
216.34736
219.92699
215.41263
221.61898
213.07015
220.29073
206.76240
211.21704
213.15877
189.61911
185.43303
191.92435
190.24460
208.43591
192.39098
183.08274
208.94980
177.98473
178.24268
180.59155
186.54355
182.02011
186.46604
173.78526
191.46835
173.17014
175.45111
164.08965
170.47046
170.41541
164.59206
167.20455
163.09418
163.70152
155.82576
160.66268
175.07666
156.13371
171.92837
168.27890
158.38314
177.93834
157.38380
162.00601
180.16651
160.52098
161.15936
162.16219
161.51293
154.15510
175.59724
162.65478
164.77933
161.24554
156.96335
153.14185
