665.68288
6261.36399
3907.31286
3086.13692
4059.01828
5415.43459
5671.35876
5277.83262
33770.55198
9108.41289
4862.64706
6727.33602
4682.20902
6067.58117
8714.82998
9809.80046
7573.55553
16811.91983
13560.76886
16928.59819
8008.66437
11277.24327
8279.83592
8601.87163
10757.77952
53675.01038
225918.54058
462013.18682
10750.00410
508.01301
501.27507
437.39560
383.35320
331.31110
315.70092
274.51962
222.06919
213.21668
194.29544
187.53516
177.21000
174.81550
169.49100
163.11204
153.15044
139.55931
139.39892
138.84099
136.31099
137.04796
119.07444
108.34932
98.30117
98.01562
98.40947
93.11121
91.96944
87.19158
85.44471
84.39889
85.08904
86.14251
84.94862
86.70240
83.49649
74.64734
74.17119
73.90971
73.02632
72.97910
72.58450
72.72386
72.67631
72.83341
72.56640
72.68851
71.62309
71.01864
70.64935
70.66677
70.95167
72.05980
69.99052
69.97457
69.47763
67.96398
67.92840
67.92338
67.94207
67.73065
67.79062
64.71576
65.07981
64.75360
62.89976
61.98797
61.83660
61.67230
61.68947
61.28055
57.55643
55.35406
55.27999
54.51974
