21398.52044
2420.02206
1569.82531
3262.20654
5718.95049
4483.94758
18809.65694
54601.15496
10197.19987
8616.71440
3914.19746
30093.18679
144575.29150
1872.02639
5303.92533
3164.62531
7155.42335
8768.91127
3818.14007
3162.46994
9670.67016
5574.61908
4810.61662
2023.94170
6527.89626
6245.31214
7567.28086
10210.97505
4598.55958
10706.48276
10940.15962
9524.76947
10904.07046
1832.22389
981.38227
605.38310
556.29370
466.03662
456.90752
428.91227
406.33503
378.32090
347.42968
328.03669
321.13097
311.68443
304.20584
302.08372
297.20792
296.28399
252.00511
248.26245
238.61766
237.88299
229.10283
226.22411
226.14589
225.89339
218.26910
218.21596
215.23839
195.14559
194.75654
188.31156
188.18732
184.43164
184.49759
184.01257
182.94573
181.96749
180.29693
180.04581
179.89248
181.85624
176.52742
174.90062
179.43936
174.32994
175.54612
174.97620
166.78180
175.67814
166.86065
169.31714
165.81296
165.67201
164.89912
161.10509
164.60011
159.88708
156.99718
151.91232
151.68911
141.64228
142.32246
141.20229
141.09424
140.31974
140.31961
141.02515
140.41723
140.35694
140.01312
140.02683
140.70667
138.46653
131.64980
