76600030125872168960.00000
426288450588244574208.00000
10774401954237539942400.00000
44245041198543512010752.00000
55573555602889331703808.00000
608907590467836313600.00000
2399692721648555261952.00000
190738704605722745765888.00000
6434427899210274701312.00000
1228997109084333277184.00000
106168378746667733614592.00000
87405475160740233216.00000
6779034981808774053888.00000
11849255417901028999168.00000
19324939180637398499328.00000
718700628574495440896.00000
8808262867920462282752.00000
292308825109171404800.00000
3385864886986607689728.00000
153494753657290424320.00000
38511214916033874755584.00000
9410681899043250176.00000
902192076170384506880.00000
845506742202227711016960.00000
92728282196500889600.00000
21745485500071817510912.00000
27599545727825385357312.00000
4994272059072303857664.00000
81266379957198265516032.00000
19943484878638651801600.00000
44065736861186187264.00000
499155452181574975488.00000
83790003647067159789568.00000
3096576376551479705600.00000
5478003491103880249344.00000
1009094285128055128064.00000
354638533324177145856.00000
740054014706768019456.00000
50318665296158408704.00000
7831432953005336428544.00000
256239187169822670848.00000
13453885409237470806016.00000
25817511537021812736.00000
4417279289824460144640.00000
46568038732591767552.00000
267430333547327193088.00000
975158212200211546112.00000
4108493749261575389184.00000
74950976957081059328.00000
31369860139616186368.00000
2724971514796722688.00000
42062305325923991552.00000
147507025545987162112.00000
169384176872220786688.00000
17894277998818154496.00000
23127491461733818368.00000
391203358009115672576.00000
13862803993133850624.00000
3967486854197010432.00000
4775521515821474816.00000
66858866437935134146560.00000
470881966941094871040.00000
481580661602883338240.00000
83580860856845221888.00000
15426289038358429696.00000
7431391897467773952.00000
39258285346254053376.00000
29011529814906527744.00000
1868171909428757760.00000
3885586780330034176.00000
271854464412836003840.00000
2014461276223812096.00000
2674841947701367808.00000
10912966496795332608.00000
3590554797450513920.00000
1857095940118206976.00000
4468423155173389824.00000
27598697481742893056.00000
4010750636367889408.00000
87006160777269821440.00000
6521228207298409472.00000
1699010500395625472.00000
5778456291952333824.00000
4164717530192388096.00000
2940067401944057344.00000
2039516294128485120.00000
7410375493314920448.00000
5493321555186636800.00000
15167160888861861888.00000
19294595187599826944.00000
70399158306759401472.00000
1547909745158102272.00000
3719420526916742656.00000
1524970960849292544.00000
2810670149177721856.00000
56090713495916232704.00000
1648326988471069440.00000
2777783702862535680.00000
1329679558873550592.00000
68699018398722097152.00000
252595717425080598528.00000
8978640918679248896.00000
7880910587862886400.00000
2331129938658039808.00000
2500979216490700800.00000
2114983763874870784.00000
537962297410900992.00000
559278818831763584.00000
804861000835354240.00000
539171631807779840.00000
715319002177814016.00000
1609449353852878336.00000
1183906789025569280.00000
760490206105708672.00000
582928437902957568.00000
1654253239377652480.00000
391651062225296256.00000
1074448705120628352.00000
655666721067926016.00000
1656091316528367616.00000
9269748770310504448.00000
347515148074470080.00000
300429588223480576.00000
690420529480290048.00000
12249693203602391040.00000
536879568666910400.00000
6730173825942453248.00000
369257670599018688.00000
531230883800426496.00000
238784616720917984.00000
633098644660008576.00000
197788943617990720.00000
205447671195513152.00000
329635917140655872.00000
688425559313067264.00000
279183041915579520.00000
290536849519560448.00000
208881189576241856.00000
272302011756494560.00000
2133951130087149568.00000
1216104122378073344.00000
1290783659114558976.00000
9925427572137285632.00000
432957021827323776.00000
791700886086987136.00000
503584334036346752.00000
220454345009595232.00000
274154277918603328.00000
342352955249198336.00000
187314372157286528.00000
168374834641757792.00000
170066543593011264.00000
174092426707984800.00000
192890960494178944.00000
343890175500574336.00000
185533982537456672.00000
245443252982817856.00000
189887449260465120.00000
331302004151346752.00000
180800995662652992.00000
327025229089950528.00000
310476399638542336.00000
175843918712882560.00000
176215929510745920.00000
149095884811701120.00000
117384594820769472.00000
122285502142638704.00000
125078507683719248.00000
113139925489500976.00000
109409244294037376.00000
103686165290665472.00000
139930674680112128.00000
284416580513604576.00000
149487442025640288.00000
148100424578881536.00000
123116355669529760.00000
230200305060095488.00000
147005672667201760.00000
94754670275639296.00000
228206959913986624.00000
96720053384950624.00000
92490557384747008.00000
94514350988726768.00000
95703827086661248.00000
83537889457525824.00000
205591265980056448.00000
90508395819510304.00000
204494981780153664.00000
76237084585903616.00000
79139665980567456.00000
63712763830739088.00000
69221942499286680.00000
93920517899621952.00000
55423339671463136.00000
51706455870430528.00000
93203745420603712.00000
52129136568207296.00000
65536255756534696.00000
96280415833424864.00000
127236072355918000.00000
53133424160504496.00000
111565402699144000.00000
55939069648560800.00000
119421966619073216.00000
89551156765256384.00000
110438565562253504.00000
91944724751061952.00000
103414474345341856.00000
55656623697431672.00000
49590487466330928.00000
54495324532408976.00000
51624921207090040.00000
47057654935565832.00000
48995550083310304.00000
60608754146906400.00000
