307607422.38272
17614.71756
9829.23672
40407.57654
6412.74800
3661.82198
4625.07031
3111.31782
19672.13926
3086.22371
23536.83314
3802.02819
6503.88276
115138.64944
4645.78104
13974.11097
3196.39641
800.80052
899.90907
1789.56749
833.13106
1011.12883
7733.48094
3435.44691
3238.77998
5944.45928
18071.09832
2978.15443
4429.81814
4700.98273
1644.14383
5142.26178
4268.39971
3516.50797
1964.23820
2910.67105
4402.61736
2247.67331
827.66611
735.10963
679.96979
712.40604
662.06198
611.64952
588.07161
568.97233
483.38560
463.65065
454.89035
415.14985
381.98468
369.98009
344.82513
336.94554
334.59856
330.67939
330.76752
328.10613
312.38655
312.38722
311.99017
309.36851
309.35699
258.25427
256.70760
255.81991
255.50365
253.23461
252.32834
252.92829
250.97346
251.08855
252.06435
216.32365
206.60693
206.32447
205.86076
205.69914
204.65313
207.25914
201.47465
202.16301
201.97332
200.59048
200.82214
200.30797
196.31573
191.65982
198.81224
191.60352
195.52192
192.96566
192.03373
191.54711
191.48221
190.97829
191.02268
189.86272
189.25210
189.89398
189.15200
188.94738
189.12613
189.17860
198.53356
189.59215
192.45746
189.51145
188.82546
184.15240
184.12712
186.49613
184.47871
181.32979
174.65850
172.55155
171.26109
170.44615
170.34708
169.86602
