6760.11568
6512.33576
4031.17385
3432.77332
2171.96853
1008.49826
2033.22490
3509.92089
4509.07149
3503.73297
1972.48411
2227.10671
4679.86719
1688.44518
8436.06527
7379.14081
1833.93590
5636.32478
4847.49427
4106.00853
3083.81036
7595.14593
6661.60363
10247.74505
6748.46751
3944.19388
1434.11700
6331.54017
7061.48200
6960.90699
7108.69006
9094.11913
531.16619
417.75429
362.93877
313.71519
297.63963
287.48958
268.44573
262.18265
259.57041
259.13437
256.82486
252.73006
245.98666
233.62088
218.33007
216.14986
216.22992
215.79992
215.41093
215.50669
215.34671
205.75454
200.59957
199.07810
191.75138
183.72129
179.50013
179.56918
174.67838
174.38056
174.62734
171.74101
168.34751
169.10946
168.38057
165.48936
159.11636
158.97790
160.89888
159.26329
159.61241
158.32708
157.83327
158.00725
158.21279
169.53714
157.88247
157.88223
159.06971
157.50319
157.12771
168.26799
155.92345
155.74732
156.05104
155.63646
155.13275
155.10952
153.11855
152.94017
153.01436
153.22780
149.03974
149.31051
147.56036
150.39093
147.67310
143.77446
143.79786
144.69212
143.76600
142.85733
142.38637
152.52722
145.35687
142.38216
141.84537
146.12967
141.76650
140.31473
141.62653
140.34238
140.22298
140.29184
140.03258
149.64100
