15.20860
11.12877
8.81198
6.95856
5.93823
4.62560
3.06482
2.76570
2.52393
2.51240
2.44564
2.43150
2.41393
2.39946
2.39458
2.21980
2.19799
2.17951
2.17568
2.17309
2.16958
2.16654
2.15670
2.15699
2.15656
2.13888
2.13461
2.12866
2.12830
2.12792
2.12636
2.12483
2.12661
2.12434
2.12384
2.03431
2.02346
2.02375
2.02287
2.02025
2.01614
1.96546
1.93546
1.82828
1.82450
1.81325
1.79784
1.79293
1.78391
1.77389
1.77290
1.77270
1.72094
1.71911
1.71769
1.71312
1.71269
1.71210
1.71126
1.71064
1.71020
1.70906
1.70836
1.70601
1.69012
1.68566
1.68567
1.66944
1.66745
1.66701
1.66632
1.66569
1.66644
1.66552
