70.46608
67.42212
46.93760
42.32031
35.92896
30.16340
26.88642
25.06358
24.23566
23.97100
21.89208
17.68102
16.99938
16.74008
16.53183
13.10954
11.71004
11.32766
11.14494
10.83923
10.49676
10.41768
10.38281
10.35249
10.16951
10.10745
10.06480
9.78170
9.73230
9.72438
9.56641
9.53882
9.51976
9.48767
9.45818
9.38842
9.03623
9.01518
8.91452
8.84999
8.83245
8.82626
8.67571
8.47203
8.47108
8.47140
8.44077
8.44626
8.43712
8.42568
8.42362
8.40447
8.40409
8.40349
8.40344
8.39133
8.39050
8.42513
8.39671
8.35186
8.35087
8.35200
8.33701
8.27588
8.26597
8.26502
8.26341
8.26385
8.26525
8.26330
8.26125
8.26174
8.20670
8.20595
