87978.72877
5837.50341
7137.84253
1363.10139
15317.52398
2340.51441
2792.29730
5974.76342
4195.33530
1057.11186
2073.10704
1784.16621
786.09436
4874.40940
2775.74777
3239.15249
478.59822
2315.69027
673.29237
5982.97183
5086.51739
1516.97337
12920.51746
2961.99971
2805.00744
3227.98890
1663.28995
2141.02370
783.67054
5505.33361
2262.93727
5626.22536
744.27279
2953.44125
943.60200
392.45179
419.25128
376.14322
373.76303
352.10215
338.69199
328.11652
324.26304
275.61844
270.47615
267.87117
252.67310
250.84703
248.03584
246.94566
246.09647
234.89865
230.70281
225.00728
224.33735
215.80309
187.66155
186.31525
182.19663
179.18749
180.53945
174.80006
171.54096
166.39033
175.44241
164.58657
164.53253
160.93305
161.94397
162.17541
159.45834
158.98550
159.14302
155.65929
154.93879
155.12028
154.70922
155.78155
154.42531
154.28454
154.25948
153.85933
152.56003
149.89344
150.17861
146.33044
150.85095
145.16423
144.70140
144.08965
144.75197
144.30119
144.05304
143.46328
143.43757
143.65749
150.24719
142.60346
143.16712
143.76143
142.86032
142.40950
143.81669
142.02109
142.17630
141.44045
142.53198
141.19645
140.74231
141.09909
140.80534
140.68465
140.75134
140.69706
140.95639
143.18771
140.67814
141.02148
