337.51472
405.51135
284.83301
265.25378
259.95498
222.44165
220.26977
217.54058
216.42708
213.00600
210.67614
205.34111
204.60157
199.60664
198.30896
196.33991
186.81471
180.57322
180.10238
180.12050
159.75592
158.71426
156.87176
156.81722
156.62051
155.38095
155.32188
155.16353
155.12608
154.61104
154.56778
154.57380
154.72058
154.57555
154.57460
154.36946
154.26711
151.70665
151.21483
151.44669
131.78615
129.83302
129.91548
122.92303
122.40832
122.31091
113.39011
110.90530
110.37640
109.58149
107.58492
104.34822
104.37697
103.93532
103.62232
103.29170
103.32427
103.16424
103.03995
102.97018
102.95047
102.98978
102.24502
102.25900
102.15050
101.63827
101.38942
101.16548
100.58165
100.66270
100.71443
100.71635
100.21536
100.19436
100.39374
99.73586
99.47885
99.28118
99.53922
99.15661
99.07584
98.84231
98.67972
98.71082
98.69085
98.66097
98.56340
98.53134
98.52336
98.08029
96.59292
96.65143
96.62504
94.51769
94.16240
93.97197
93.87412
93.86892
93.76097
93.77050
93.56102
93.39236
92.48992
91.39145
90.97670
91.33421
90.73725
88.42936
88.39791
79.25254
78.64000
78.45587
78.40740
76.90938
76.80387
76.52753
76.54408
76.48910
75.52780
75.62267
75.20111
74.29470
73.98573
73.22068
73.27630
73.06942
73.05235
73.17400
73.02619
72.97290
73.16894
72.90905
72.90019
72.92813
72.80622
72.80001
72.70035
72.43661
72.00465
72.05521
71.98705
71.04419
71.08760
