29366627902071046144.00000
45926356948327104512.00000
8666652802073365504.00000
1312086991644384256.00000
2494802560966778880.00000
18615078143387952.00000
5487587591837259.00000
1028207430873483.00000
20296901309057335296.00000
22151915181800372.00000
39398898743202422784.00000
1952487261972330752.00000
623064690762397.50000
62496607731157112.00000
15447556266534473728.00000
52785338874398208.00000
207852952410992896.00000
4531804825440152576.00000
48064562212940208.00000
35547281460945344.00000
2648434876205038592.00000
4291054608123286.50000
1503662334100644608.00000
5011809242040550400.00000
4707238157262800896.00000
107733851917668656.00000
3718559832915911.50000
32330413133471688.00000
179593705649202208.00000
19215064298316164.00000
123837215771159552.00000
34369412196294264.00000
61483017002690208.00000
411267457450725.81250
5731014179885396992.00000
193501232404093600.00000
293584389644852928.00000
118180293424643648.00000
2080489115650499.00000
492991903994014848.00000
5148012734018978.00000
167511935494766912.00000
32799273071119156.00000
433341803439688448.00000
29211208170203984.00000
60096764511800560.00000
4109229016127688704.00000
145511666919101824.00000
3002855594965527.50000
1178776124058655488.00000
11160374972822650.00000
946378484900889472.00000
1076649226182694.12500
286454035422450336.00000
362954610535264512.00000
36173754526430200.00000
629120493163456000.00000
38822746446635864.00000
670549832922273.37500
76412819564565088.00000
2958637072690666.00000
1264413716297628.75000
8114540626030224.00000
5504263690628830.00000
2194661683543091.50000
761056046213388672.00000
2487525588302420.00000
2678362085779934.00000
39718251600300328.00000
7342204530423320576.00000
3041351904212089.00000
59539609143797200.00000
49085256759900096.00000
9548065122043248.00000
42218054902781320.00000
1985837897967098.00000
977552551649711.00000
4643127244968074.00000
1157785436062992.00000
2216631295137607.50000
881763365586484.62500
1156329043896870.75000
2388183778528323.00000
1578407398278059.50000
4537643095620544.00000
7965869332812398.00000
778610713086806.50000
366465858535691.37500
838956369288645.62500
1120695391719406.12500
428944948751951.25000
157193128405313.71875
502779568644036.06250
1116624204829555.12500
330370978315641.93750
602886744024822.37500
229469047472387.68750
217877487537971.40625
274170189208083.87500
286316686707452.06250
1365439966741799.75000
1610385088769936.00000
174537876908087.71875
288066970426989.68750
273026732319079.75000
165530432738487.84375
160083314423707.96875
476364560755609.87500
170280785156213.25000
348847651081915.87500
146559236622646.40625
117282454754217.85938
122194066588916.71875
138603211015151.95312
107829331571910.62500
104949582572766.59375
99093678328910.84375
90294229684147.45312
115384708644941.92188
158221596758820.12500
136013964519507.28125
137398413849032.98438
698445561962082.75000
1761857337858594.00000
398664272521159.25000
129575661887642.31250
97327190093077.84375
2734767684968356.50000
106487048641979.09375
109340804119314.43750
513058618986220.75000
108655350869278.09375
124856213796455.67188
82961671711210.73438
88792100777257.54688
95923238591431.92188
84884607822154.39062
95627157960773.06250
81146315699280.95312
73375186956047.29688
75045649872821.01562
104669735146814.54688
75114623811460.06250
72918801514517.17188
76643858638638.37500
72921216147892.56250
68065449446998.67969
60536074443895.37500
66691929572835.58594
70827833563288.98438
60758824205619.64844
70830426665859.26562
93686466164100.75000
87576460618386.00000
77301895896417.85938
51280842771263.42188
57033030864035.27344
54950902564202.52344
59317351764796.89844
50354018877647.80469
48513077686697.38281
52156803061877.04688
105659369818598.98438
81350756483243.40625
48312799040512.60156
49886566145732.33594
49676301615446.38281
176192985248782.00000
48959094889159.18750
53030833362775.85156
47286515889240.91406
46356004323117.91406
71815042390720.75000
53779062280977.93750
46199238851274.64062
45475597154949.15625
47407992098951.60156
39572830953751.36719
52474816329141.93750
50252607085171.14844
81620437956523.59375
47853361007268.48438
50846216879828.73438
45218180520607.90625
62621731381177.07031
126250546660723.92188
51657666563983.66406
51750842108570.92969
48836421361693.85156
44405987700468.99219
53115906996658.12500
41465768286842.89844
54210503002990.64062
51914967773142.21875
49138751569269.10156
40485234508549.78906
40462798328863.02344
40294081809034.50781
45377889530313.01562
39967790349938.00000
49152456863836.15625
45966972365645.02344
43604580113985.34375
41266872245727.64844
3194134770855562752.00000
1971612240736652.75000
8647089386653133824.00000
583167522373799680.00000
2880258220431559680.00000
34528082314206512.00000
2799538391801030.00000
5483191139041290.00000
13401320290340492.00000
1082586145688118.75000
1631138556895005184.00000
397234243214172.75000
58894942840478.83594
4974499446596.26953
2156417147.17441
883903007.10709
388666256.98556
145812098.74157
827220721.92428
53594017.84645
465679320.26956
9003452.52827
7881681.26288
1565852284.90232
69007671.64404
9436440816.11091
1696517.51459
74134293354.37070
8792763192.64088
237317000.04334
55631993.96848
992565604.07035
146031581.96244
426376937.26036
228930776.99918
12552569734.56815
1830460.89090
2487410.80532
810059318.48524
15378633.74664
1485451896.14203
1358180272.12905
294399756.00798
6032289.75452
3591197030.83170
146421109.85418
800896754.19071
15113814113923.49805
233879443.06609
2454530811.54225
67825085.96813
37290142.06622
536704665.64483
5295452660.61482
340223829.49312
1910308696.74771
3005231.34665
16417512147.09679
3496690365.89960
169150810.26217
5653401256.61612
35410268.29175
217198718.07044
94356882.08439
31652569.67297
402521446.14375
353681411.21384
154596075.88791
89597288.45162
9935807.30482
102932313.67293
59921612.02851
65077556.04507
2149287.55385
55640466.30124
946374.06952
444121.05874
6663483.61605
