1250.24450
588301.53947
12261986.96438
613561.02305
21663.57050
4351797.45827
32867.62255
7622759.08183
649806.13062
114511.33077
153208.91270
181013.19179
281968.83103
216445.51680
1345816.94238
1227109.27192
2237616.84656
4742402.07387
601487.88373
741616.54583
3788071.41702
382742.08874
9608964.41613
390.98150
445.44868
342.77905
389.63419
338.44459
382.76883
338.27713
418.82793
252.28501
337.07937
343.72085
371.21450
302.83024
232.55632
205.93328
198.07511
190.53958
175.56482
167.84602
156.57587
155.00842
150.46140
148.36950
144.52600
138.09010
132.50923
131.06733
130.73132
125.59479
118.46853
113.66916
108.95218
107.90809
107.45643
109.77506
106.78454
107.57237
106.99335
106.70165
105.65944
82.04262
79.86356
76.12358
74.15942
73.29197
72.02563
71.30525
71.02242
69.41715
63.69588
61.45174
60.70832
59.18992
57.96901
63.38963
57.82261
56.27147
56.26829
56.13004
54.79301
54.95130
54.11749
60.28100
52.28188
51.79371
49.73751
49.77248
49.23667
48.86838
48.87359
48.99986
48.67128
48.08343
48.39225
48.78396
48.71016
47.87009
48.23575
48.17231
54.59310
48.53477
47.71285
47.25423
46.56968
46.41339
47.34697
46.60360
54.22070
45.79590
45.69041
44.47925
44.50715
44.59012
44.35204
44.64196
44.28387
47.19999
44.28776
44.40772
43.05459
42.92120
46.32063
42.93073
41.73863
41.84883
42.73450
40.89423
40.02199
39.92969
41.75856
39.92322
