1764.66497
615.13532
540.83421
527.28828
640.01217
531.28288
555.87967
651.14108
558.11515
540.93364
653.44947
555.20288
535.07756
561.86011
551.33762
556.07868
630.37806
545.29977
543.34860
570.89273
574.42305
539.72654
685.13836
622.06861
629.52644
712.14326
571.83269
550.70498
374.37304
352.54018
339.48087
313.80562
297.00060
240.03988
223.22936
210.65984
206.69986
189.54494
184.60861
183.55467
181.66939
180.43467
179.56908
168.37701
168.06538
167.98627
166.92626
166.79106
162.07530
161.90621
161.44109
160.59961
160.17460
159.71825
158.88263
157.90440
156.95976
156.96387
156.92835
156.55750
156.45480
156.09669
155.86776
155.86773
155.71200
155.70065
155.66403
155.38337
155.27720
154.47240
153.96610
153.94267
150.82125
150.82004
150.47197
150.47270
149.85326
