4047911481601760.50000
19396367785624.23828
75423266808.03748
34932650835.62005
52927431.62591
3194.13302
86180516010.66147
483.94324
1825.19387
432.58371
492.53979
471.41731
579.14924
483.81937
452.35268
469.59340
485.27527
521.99727
435.07579
506.97389
505.59220
486.51850
879.62379
698.25536
1127.71988
416.89198
400.35032
995.41458
1239.52754
965.45595
802.83970
704.52672
683.43969
413.68230
421.69931
415.82960
434.65547
356.70627
344.12269
328.24751
307.86640
291.14658
284.94697
273.48873
269.84789
264.36585
262.73221
255.56683
247.48570
243.12157
233.11589
231.22646
226.34445
221.11112
218.99469
217.25120
214.95676
213.05632
212.11857
208.90320
207.26247
192.24625
190.93901
189.07263
187.68321
187.94375
188.40267
187.26300
184.05735
183.76030
185.78377
183.31463
182.77467
180.66705
178.90792
176.88172
175.26383
171.30808
175.07643
