1062.85602
809.92846
747.14219
918.18728
707.98282
893.13140
668.29259
856.68574
680.15452
933.76144
605.19761
599.61959
703.30169
700.55863
725.93845
1078.49846
697.13053
699.93660
756.88643
890.28070
911.17045
828.77046
725.79168
622.81792
764.28901
892.96263
646.47790
586.49691
753.78207
716.43729
699.43411
956.59296
808.61006
632.97582
516.79708
462.19890
433.44938
406.31095
386.20146
344.86596
301.72391
263.83597
247.83900
246.15766
242.67844
238.20348
231.03448
226.96292
215.61101
208.51132
203.35336
205.57682
201.20503
196.14927
192.10811
189.52700
189.15194
183.71211
174.45574
174.33987
173.52895
170.37406
169.89228
170.48627
169.70896
172.59615
169.45766
167.07391
170.17837
166.58027
166.68533
166.63422
166.37032
165.69909
167.78855
165.49195
165.30228
166.73765
164.98439
165.09131
164.67702
164.14871
155.32889
155.34573
155.36423
155.32407
156.53644
155.34144
156.70702
159.74454
155.35815
152.33821
152.31517
151.91261
150.77159
150.58878
150.79756
150.40706
150.41250
149.00725
149.76674
150.49886
148.58450
148.98535
148.48001
148.79093
151.45245
147.88269
147.64061
146.82966
147.27002
146.82799
147.80862
138.20103
130.98630
131.96574
131.10676
130.72946
131.94693
131.07326
129.73865
129.68148
129.70787
129.13260
129.60179
129.17148
127.70641
127.57172
125.71347
125.71040
125.74870
125.79419
126.03020
126.22922
124.00980
124.31554
130.01782
