715.45811
13334.42768
43928.09243
4342.18819
17099.88731
34027.86973
9898.29414
2269.52087
7867.99442
40875.48519
53571.56888
16600.35102
8149.38048
14802.08755
78926.07514
32612.16938
19252.14736
26354.46944
45429.83350
23573.50580
6310.48703
33282.98463
18205.04162
16675.37702
33060.62514
28655.37073
32841.62019
28704.83804
47019.07203
18533.80241
483.45794
404.17229
388.03272
378.29364
358.82897
351.18050
322.97859
309.65839
291.06629
280.84816
279.61290
259.72371
256.64868
251.47749
242.72410
236.67450
236.67766
229.05315
226.46711
223.88879
222.61231
222.72549
220.96781
220.74182
202.62508
194.52275
193.97904
185.88756
188.90144
179.58176
155.68775
155.08010
153.92016
150.94204
147.15098
147.00562
145.84074
145.60162
145.24346
145.36703
146.37112
152.65027
142.01543
143.07626
141.56599
139.20257
139.39773
150.53168
139.27247
147.15081
139.18396
145.62915
145.49337
139.75928
139.68732
139.33184
137.09801
136.88849
136.21317
141.33904
136.20666
135.82728
134.72497
132.93591
132.41103
133.29576
129.87483
129.73873
129.57697
129.63654
129.62305
129.62059
