8029.41725
12839.10736
8851.38308
11713.19761
6244.02986
4078.47713
13589.91917
3166.75281
6411.96198
8295.18867
6097.54707
3555.47093
9703.42969
10011.95915
6770.08995
7774.67504
10801.84006
7008.12115
7412.78696
7247.38835
6123.40329
7246.09619
13308.78828
9743.58141
5811.43004
2130.34982
1221.05326
1142.20549
985.02941
890.07015
710.06345
687.09287
709.98990
699.02903
692.44388
705.08578
665.34432
660.05887
663.45881
589.71988
514.95435
480.85749
445.61537
446.07423
455.16614
423.50716
382.48461
379.97193
368.06937
359.91516
356.45416
355.35164
344.11159
336.82947
347.85493
322.68650
333.44483
320.34727
300.86290
295.33508
269.46488
275.02779
299.15793
275.97813
266.96343
252.82499
249.63459
260.16179
242.96496
229.51642
225.23353
248.31787
219.68119
210.37780
216.92919
209.03976
212.97493
224.56676
203.05274
233.62743
206.76913
211.77077
198.27094
216.76863
205.88972
203.08695
211.63897
230.58615
216.28036
227.03506
201.59777
195.92682
204.26414
228.52662
206.06908
230.74742
200.90027
203.12128
202.67678
193.94888
198.34920
209.11885
190.08253
202.76675
187.82381
196.12780
198.13998
204.26817
197.47681
186.79460
194.27623
191.19726
198.14105
192.04517
201.44167
195.64905
184.37919
194.19312
199.67299
182.36811
201.85332
209.17184
197.19003
188.24649
190.62782
186.37174
191.63109
203.49078
173.11422
175.48873
177.41161
203.10197
194.05853
178.12806
183.19958
179.94409
178.45258
199.75119
182.95676
177.18805
