4958473181821312000.00000
135478904358237072.00000
123184993458970688.00000
127791952311096640.00000
90667184804463920.00000
90434144737537040.00000
97466686946505424.00000
49057214027668384.00000
49306986454146512.00000
9722931554200320.00000
9722870834240052.00000
9484107465571104.00000
8953124841941738.00000
8983735625049171.00000
9167108179847932.00000
3943321585207537.00000
3055142600527030.50000
3001472890879588.50000
2996014783053849.00000
2994619454489612.00000
3940717679149065.00000
12256101860467624.00000
2948494742556159.00000
2997773701990334.00000
3000746762310910.50000
2961844690022343.00000
3038965139846003.50000
2959246484671561.00000
2947759033226704.50000
2946836856546454.00000
2711518980702765.50000
989174945943160.75000
1013995527635440.75000
988154835271960.37500
20852386396954232.00000
956154093811369.25000
948310318296462.00000
523480739060881.56250
499577544556482.62500
437048090232476.56250
407833064402202.68750
340012906694065.75000
319611638844118.87500
317091840974735.81250
103185776521644.70312
101256844043144.45312
103728428841532.68750
100346861890984.40625
100122339293666.73438
98446953278155.46875
92573986941714.82812
96276165350074.54688
10927348110524224.00000
96476053982988.65625
93734078172062.00000
92343339302827.03125
90951807376512.75000
82101841589676.43750
82085782994335.84375
81050682363917.20312
79775603606210.71875
35003640460363224.00000
43547481506361.46094
721935527969018.62500
42454894919907.75000
42783908372981.32031
39599956855398.62500
39506995684528.03906
42234078305667.64062
6123208404165673.00000
40701064385063.04688
39080992519512.46875
39193737256124.02344
2647639650581213184.00000
39203364811953.07031
29071744107151.56641
29653230741086.54688
29060697298342.05469
28936968176776.95703
27748369209848.61328
28814213838693.09766
28561718339795.82422
28859847184002.42578
742214352511329.00000
27843272957570.91797
27263492560168.94141
307227698155934016.00000
27712885341691.82031
30134468490684.41016
26758435575529.63281
69840678271807072.00000
26771452635883.58594
36091142789932528.00000
26479873734004.32422
73467636708777.50000
26245493220932.84766
26501754925067.99609
23798574859339792.00000
25618863081451.57422
198216623418023.96875
244852622461836384.00000
313640740564047.62500
25431316994878.71094
27050650972215.03125
25422288349935.28125
22377426431963.10156
30318094864879.05859
82662362822089.82812
22278168255074.25000
95242099583320448.00000
22602444497315.32031
175909527476277344.00000
21415757209123.90234
25389063549229.86328
21480530181387.65625
787032312012622.12500
28893151794781.72656
1448798240796909.50000
272157327721350.09375
1020945430037734016.00000
24843317697692.11328
21078853622950.56250
20813604744074.74219
20571081089691.76562
19421778608678.77734
338721137200891.56250
64010651579859448.00000
14862017780377.53711
14848883849783.11914
171362389603455872.00000
14831943274208.94141
14892188692804.86523
15656129049833.59961
15072732799073.16602
9930567204250374.00000
17605165258350.95312
15744600065150.33594
122707894620246432.00000
18043238903614.29688
14773200768473.23242
117812732584253088.00000
20022598827578.64453
21608052441958.37500
32723233949180.55078
