6151.30150
1404211.57855
56473.84336
367860.96812
64747.15848
96006.74761
4384201.60113
90822.19294
110814.14328
160580.96218
319789.38850
386868.65138
88426.84141
1314375.45487
911928.63801
343643.50839
224669.42922
22607.66529
27214.19950
22718.67012
25990.93152
2663.56942
4317.47566
2137.73092
1505.95468
1242.12081
872.24452
696.19871
609.74464
616.78230
558.13483
427.09963
391.34210
332.59072
317.32270
300.77407
279.26192
273.97205
267.18649
241.71630
260.80241
261.95523
244.46508
238.06207
233.57841
221.21038
209.51635
227.23603
268.15731
208.94577
226.66641
215.04264
235.65037
195.89060
193.24728
188.31898
191.36252
189.93918
213.97812
194.16586
189.44740
204.73899
192.69034
199.56576
186.28066
181.28319
180.43955
187.49584
182.94123
197.60604
185.89796
178.29396
180.31525
177.90724
176.28830
185.67615
178.35935
175.98733
177.81867
188.05604
187.02672
168.73428
172.97678
165.34553
185.12765
170.42571
170.62913
170.78012
162.74182
166.41115
169.59060
202.76151
175.76408
178.51817
176.19293
183.05208
164.97616
165.59644
166.55652
167.74395
163.27312
177.02135
177.87421
166.62321
171.36641
175.37965
167.04806
167.17682
163.53664
158.68922
169.13570
154.15365
163.47562
154.88801
158.21822
168.20183
153.43743
212.27507
180.44671
160.57110
160.54893
157.78866
179.77912
173.88754
174.36238
157.63520
163.70112
