766.51255
1643.10141
867.64932
3996.41084
886.33331
1719.79842
2882.75741
1442.27074
1348.70899
1145.20210
1215.28075
1067.03944
1080.12475
1115.00485
921.42906
1609.04228
1372.15950
1591.71643
1257.47653
1353.89239
2950.68740
1738.79418
1789.67516
1672.62483
1376.06522
1491.81326
3083.91436
3276.94148
658.18132
662.71318
596.32907
556.34905
526.84084
481.97867
450.97613
423.57380
379.13974
374.00893
368.49092
356.93294
354.71463
310.54653
292.34551
289.58928
288.20008
285.05254
284.94783
282.09098
281.86979
281.56150
258.37337
257.60568
255.74933
254.20918
254.11451
251.38613
244.21775
233.50480
227.46537
217.76252
216.37913
207.71318
206.66920
202.78762
200.33157
191.45654
189.55960
188.94346
188.86704
189.38293
189.03375
187.64804
187.17512
186.03358
186.07060
186.06353
181.75752
179.08604
172.80193
171.30123
171.11570
174.61314
171.30847
171.51243
170.96087
171.24164
167.31222
167.31951
168.12585
167.30468
167.26551
167.10386
166.75292
167.97665
166.74210
166.60752
171.02282
166.55886
164.55962
164.44312
164.76386
164.91366
163.99001
159.76093
162.25325
159.80580
158.45450
161.28062
158.39313
158.27167
158.23570
164.43213
158.38349
156.11187
156.11633
157.08296
156.30437
152.52017
155.97254
156.25807
152.73287
153.23342
152.13792
152.51055
157.22146
156.56460
