239.32160
229.79570
101.36398
105.98618
177.94440
216.97986
159.65310
191.96576
131.75982
188.86445
185.15147
184.82264
114.96781
113.95599
101.06844
192.77382
100.00324
101.08392
92.37706
191.56332
125.02082
81.54253
75.47164
70.56390
57.06514
39.41661
38.06708
33.39699
32.01655
30.68090
30.07876
26.44928
25.75447
24.25607
24.08169
23.79303
23.38197
23.38647
20.41911
19.99641
19.92065
19.81651
19.79682
19.23269
19.16579
18.56150
16.54497
16.09546
15.62355
15.57831
12.59427
12.12947
11.93259
11.84520
11.56748
11.46004
11.43752
11.14055
11.12432
10.50987
10.50049
10.53861
10.49925
10.50005
10.46957
10.46408
10.44684
10.37836
10.37988
10.23209
10.23559
