744.31002
1001.06358
1978.56845
912.67687
910.63478
904.31878
1498.41834
1419.21907
1404.04069
1157.93234
654.32608
650.22497
573.52471
562.47043
546.67536
533.56758
528.52987
514.09307
505.52922
459.77010
449.60486
444.59445
438.94271
386.19744
382.75138
375.35581
373.97025
329.68210
329.03057
328.46477
317.87948
312.03068
311.27991
308.74869
308.01548
306.95690
305.13630
305.48213
305.15778
302.78500
302.22461
301.39784
300.28984
299.59998
299.37940
298.99715
298.79590
298.17981
296.08011
294.92792
294.51104
294.02196
293.90418
294.11923
289.14321
288.74677
287.58082
287.09044
278.78324
278.43846
277.87781
277.77851
277.76924
277.16075
278.10655
277.04459
276.77781
276.20302
276.16097
275.98417
275.76813
275.13427
275.45624
274.64230
275.00999
274.55132
274.73724
274.63792
274.87792
267.55410
217.20538
217.28810
217.12695
217.28073
216.76811
215.68481
215.60310
215.65872
203.78333
196.51504
195.87608
195.59080
195.45430
194.94261
189.79170
189.65054
188.37164
188.12023
187.90538
188.05897
186.98508
186.44158
186.53180
185.93576
184.47847
182.73296
182.58883
183.01892
182.61952
182.72282
183.09138
180.42589
182.12119
181.06047
180.40226
180.94557
180.61940
180.13869
179.90984
179.85101
179.85251
179.78122
179.37871
179.60746
177.43334
177.71883
177.06073
176.62380
177.17339
176.17844
175.58366
176.65150
175.22215
