268.33842
581.83516
478.37238
232.57189
193.26834
192.43642
184.85268
180.28602
177.96599
167.01411
161.34258
159.00604
157.19267
157.03796
155.96290
145.65243
142.06615
141.80485
140.22019
140.04927
139.60775
133.16420
130.77137
129.10538
128.72705
128.10192
127.12102
126.52781
125.91862
122.68676
122.09599
121.74292
121.39440
120.81375
120.81635
120.67523
119.24975
119.08996
118.75581
118.46688
117.95990
117.32749
115.29070
115.10125
115.05822
109.09708
108.58913
106.29704
106.15051
105.94183
106.45224
105.77990
105.51667
103.96089
103.13773
103.12566
103.07276
102.95938
102.86267
102.24024
102.15619
102.06601
102.06141
101.96115
99.90130
99.76943
99.56400
99.32933
99.22319
99.22186
99.19058
99.02713
99.19162
99.00189
99.11491
98.82419
98.80672
98.81769
98.76012
93.82731
93.78429
93.74050
93.98253
93.80028
92.97587
92.15990
92.41061
92.00847
91.36083
91.15407
91.07495
90.88936
90.87425
90.63022
90.74070
90.61484
90.68389
90.68193
90.53831
90.55651
90.71227
90.59939
90.45205
91.14161
90.52066
90.44578
90.63422
90.46215
90.44279
90.78335
90.43441
90.40696
90.32061
90.30407
90.33133
90.29633
90.26068
90.18976
90.49261
90.19545
90.69782
90.25589
90.17088
90.01792
90.01117
90.06537
90.11760
90.04051
90.15885
90.03662
89.55851
89.45051
89.54037
89.25193
89.23357
75.76888
75.92118
74.50515
74.47525
74.34213
