660.14743
3783.14092
1568.91259
957.78314
1149.73995
1618.11767
1350.60945
2408.53918
1407.79738
622.29339
480.74079
409.24128
398.23699
395.59270
393.47081
392.07900
365.07434
361.83865
344.53846
336.53035
331.66572
327.13416
320.09129
319.37306
312.74535
311.61203
311.00893
282.77828
278.12289
277.17573
277.05875
274.45520
274.29815
273.71332
273.44953
273.15548
272.89250
272.49666
272.34190
272.31886
272.14254
271.73194
260.15004
237.73397
237.35681
237.06970
236.05939
216.64360
214.57471
205.22237
204.89659
202.69837
201.65528
201.54043
198.12237
197.96481
197.33304
197.10545
196.71205
196.50935
195.62984
195.65015
195.17886
194.78318
194.91239
194.27420
194.12679
194.00085
193.72448
193.78557
192.99769
193.40353
191.71044
170.56667
170.49948
170.10969
170.09364
169.84466
169.94414
168.37376
168.21104
166.59713
164.47964
164.50549
164.48043
161.99661
162.06352
141.89223
141.70155
141.45850
141.25281
137.97792
137.75221
137.62715
137.54649
137.48802
137.23574
137.23468
135.73319
135.67129
135.36971
135.26573
108.08971
107.27058
106.92044
106.96354
98.90108
98.63727
98.58272
98.61052
98.23048
93.03289
92.70196
92.89624
92.55722
92.80693
90.89055
90.71997
88.58357
87.99892
87.95919
88.06647
87.64950
88.10987
87.85795
88.19403
87.41507
86.59772
86.62584
85.97176
87.72213
85.96581
85.32892
85.60556
84.99737
84.67423
84.46713
84.14704
84.85643
84.15566
84.06584
84.22366
84.18551
85.20557
84.52203
84.27117
84.03125
