121.83023
486.69856
436.95793
299.25570
334.44942
369.71271
296.67531
360.06464
239.60448
294.66482
541.53831
439.99709
615.45144
434.78322
369.07389
428.71772
498.79939
83.19487
74.17904
67.04923
59.76053
55.83384
54.48548
52.55699
51.64750
49.78375
47.79271
47.01773
45.24455
44.82036
44.55616
43.09360
42.29095
41.66986
40.79286
40.11454
39.29654
37.66956
36.79181
35.98596
35.40569
35.56242
35.49750
35.02455
34.57667
34.70994
34.57569
33.86409
33.57238
33.49366
33.43777
34.76940
34.12380
32.73122
33.13147
33.42510
32.92472
33.67224
33.50658
33.39965
32.95917
32.95232
32.47412
32.78403
32.84998
33.39572
33.98991
32.57743
31.71245
31.95330
