2573.36941
353143.82494
13651.90189
13893.66464
12406.44789
9840.14671
8223.74698
10542.97886
15627.16336
77262.14628
6859.54631
16617.13457
15867.13105
15706.85761
38778.02626
112876.05026
329453.60194
4803.54384
4129.27247
7294.27043
4087.98666
4900.68115
4460.13383
2089.24957
1854.93749
1575.55701
1160.21489
780.81769
651.59311
648.59926
619.26332
568.16148
600.26325
488.12092
455.51125
410.70306
364.92954
394.28165
335.75256
320.52474
294.90548
299.13745
264.85994
264.00860
264.84948
255.57235
264.71075
269.01187
251.74655
248.67402
231.54151
231.81902
228.85739
229.48207
232.24825
227.53781
225.16202
206.20881
220.16405
201.74160
199.33140
204.38097
198.27446
199.30531
219.63787
204.59999
193.36163
212.74882
195.43759
198.99903
201.73018
194.89176
195.86220
198.46413
189.82451
191.81756
210.94426
182.47679
176.26596
184.62899
182.08088
195.36282
177.90143
172.83344
176.96165
173.11983
192.09979
182.98148
189.38239
178.47970
175.82757
179.20173
179.44240
173.17237
174.63557
177.56697
183.85107
173.84076
168.80734
182.61025
166.20036
167.12324
166.75204
175.70484
174.64507
166.11922
170.74494
167.52693
179.48899
167.16045
169.14609
189.57309
170.82439
178.20055
177.68075
169.55825
163.82996
171.39080
170.70333
185.92614
165.77728
190.04799
184.95369
163.50010
195.54477
167.72786
163.05583
170.19115
160.82094
166.69442
163.80049
