188.12531
160.24182
149.45107
146.38247
120.42669
108.38437
106.69317
90.49719
76.46515
74.32182
72.63303
72.32544
64.10440
63.78808
57.90218
55.28993
53.05401
52.54423
52.18102
51.79570
51.68067
43.40259
33.08420
31.03732
28.74084
28.51742
28.66467
27.85331
27.05086
26.92917
25.89720
25.65065
25.48897
22.57641
22.45016
22.13241
21.83568
21.85111
21.71326
20.65796
20.48444
20.47559
20.47424
20.25747
19.93996
19.56780
19.59261
19.48328
18.06638
17.99335
17.91272
17.87678
17.76301
17.74703
17.74874
17.60294
17.50047
17.52162
17.49951
17.52143
17.47238
17.42170
17.58784
17.43503
17.25978
17.01573
17.01232
17.00206
17.05349
16.95343
16.94494
16.94585
17.02761
16.92672
16.88375
16.88277
16.89061
16.88336
16.83192
16.69498
16.66739
16.67459
16.82945
16.67993
16.66132
16.67316
16.67953
16.64191
16.03792
15.95988
15.86045
15.84016
15.76664
15.77729
15.88545
15.76361
15.82037
15.84650
15.57272
15.57570
16.08117
15.42775
15.40058
14.98717
14.66396
14.45560
14.43745
14.36449
14.33351
14.41516
13.91058
13.90034
13.89503
13.90705
14.04544
13.93159
13.99235
13.91044
13.90029
13.83845
13.82923
13.81921
13.79917
13.80582
13.78640
13.78817
13.77040
13.76403
13.76223
13.84535
13.77110
13.77851
13.76413
13.76145
13.76401
13.80178
13.75247
13.73554
13.73988
13.70884
13.63023
13.69906
13.62701
