586.18627
10683852800745676613431955816448.00000
596.46167
4585520581100318576601563716911104.00000
32382221459952515109130183735508992.00000
2184.48983
90786.83681
542.16142
676.84633
4639562600898678082777382912.00000
8761092563234915.00000
1365372174436661426685099444956823552.00000
689.74319
167783752886575940073131343872.00000
8056579396064872725164968640512.00000
855.50230
67617847226676672027004508063179735040.00000
99979.97628
1145.96641
1487602851134397237690368.00000
814.70809
324219815318960897785856.00000
847280854580617680860852781056.00000
5782036184881979033440363785086520044552192.00000
941120550052827054989115392.00000
828.55640
542.11537
1098354138500429977900631982080.00000
544.06826
996.15736
411319598170167350987579447050240.00000
335.99140
76898.59195
45379407698357038330869272309558935552.00000
6490778808015370514630299406047631114240.00000
899949.68968
15574561236288476520467023047688192.00000
3710234596521425828411820544365497942016.00000
544438157010513949820310257664.00000
21987236863586124131148496896.00000
179332.61001
898318043982474634755833856.00000
2512.48850
4990971017133270234012324612211212288.00000
524.71881
15619.06167
829.57030
200198.99672
31166632770612700498697258008576.00000
181740056168175244066553481196994560.00000
2590324560631981520707344567422257463296.00000
2105499.43648
641.78249
801613354254979969408897470431232.00000
92753204.95413
702.38468
2711264528269328075659935744.00000
496.89757
5595337.94278
9827156055417466840601275138048.00000
6209888165362913920300963031655411930365952.00000
61716482225447432.00000
5823.95099
6981.84861
10892593037309880112590618624.00000
1525984140559876030988288.00000
69330070.58407
4566765017665466018679339750444972514476032.00000
17134.63709
219185674249790843984135990542336.00000
2670.92965
83045155448365382631883779027647818924818432.00000
18506.02507
1680160.34351
21512947444599104369879304911192064.00000
53773767370199431834824705737331048448.00000
3583.54841
3673.32064
8322009649837471518637437222912.00000
2844.34013
2105280736840918260344074272768.00000
6469783100564383507415040.00000
553.01096
727.29616
29948.06453
2158885564741271521255751680.00000
179167313338281984.00000
4901449037539535518617829376.00000
622.89020
8801.52046
24335015844406545120534036541391859875840.00000
6367624020242256674011712639110722716161802240.00000
58273.08634
10046.17285
1839703905373719096995345259714052096.00000
2084.68678
742.03057
466661.54595
13989522025.36912
4018596408042340934364749103104.00000
12026635931010511690158324411740979200.00000
688.14419
27030004537.23067
1268.85516
39711.11369
6884.37183
4972737201799074462076189007507619840.00000
197263.94653
9485482665383546065479987491766272.00000
780155717589238626123776.00000
23201.15546
1071.66332
16291298540002943982108672.00000
505452371995589095920531903906578432.00000
5944.63925
466147109100159506281746046910464.00000
505.34564
1134.38243
56737512564995952500283220688896.00000
69737838815062227755267522560.00000
8583339341884396257796847304704.00000
761.19179
395430471948651878007185756071095435264.00000
876893478715221744812032.00000
197421405702199006834993397760.00000
2012719687558665008629196053807104.00000
1503.55572
96986440669103504353789010120066321088512.00000
2699311.37382
523373307376699867584720821754527744.00000
409444.53772
2436853690252953549793166098432.00000
38219.07672
43719.06952
14233.34590
38934273634793739848224702910693376.00000
2585843370701875620888432345088.00000
13172.30042
25233928241154365587456.00000
20888067.14353
990919.15307
148244060426131560149574506310375025743495168.00000
369754.65856
9372103585381421513440921101795328.00000
2377457749725281663928445580607488.00000
20417673177801360107492081664.00000
157037136703298332510786682880.00000
6952513520051452275192690089394176.00000
845.79066
15457618091826144159053423575040.00000
1026683101567354404864.00000
500.09799
48686955690891476467712.00000
11153444710328894630209257472.00000
3578678022491936631976078868480.00000
7173674453286867465160580774494208.00000
1973.36153
455.83254
23593903574208375387609628672.00000
14724440023115835113472.00000
4319.16843
3172744083584722288689283072.00000
1622650789649583312935322824736768.00000
1628.56097
453275.18239
191791133430077917876908810305536.00000
1258583501.05228
2757.68421
12678414727662485133422580260199341228032.00000
2186932440574.76123
1905.01988
6100118.80928
6625.67950
3110066677383072903557780256078168064.00000
4631921374744074333708577931264.00000
96778671227198776230805504.00000
17263522085905147015982421983100928.00000
337952673195383540567121068032.00000
14910336054292173763308012576919041081344.00000
2088.10393
47767.52591
766.17973
634.23376
140580.84454
6940012251585286454116352.00000
3435650997848174519646997708800.00000
5316000006182156196432077121388544.00000
148049357050450550748438930019844096.00000
10542166467701317643077294839824384.00000
225311941322913503121905259754029056.00000
485142210477002580372287175155672678400.00000
2122.97483
238194241836472948362022711753441280.00000
54722223547448332168653176832.00000
126502.99620
3615715675771387651293184.00000
582843454514884671176704.00000
279971660504248341305959107988068497358848.00000
128514.25005
13325.51186
44475581783228294100905535471616.00000
423393630717141866080370688.00000
17181752.94363
593.70476
1493.21337
123613262364188744116628094976.00000
25368.77743
1116817725793255182725593246780268189182960773355274240.00000
69527330371523747840.00000
879228817504388552297947089986581644181504.00000
103457353043724554472758689398784.00000
55027147134844745170288640.00000
1113139440334747309130645504.00000
638.69144
711903505195620518698996989952.00000
11587.76977
17990.69531
3884186319611652994390414065664.00000
10108.69283
840990538872940815708742314098688.00000
22457590936730915389308928.00000
2553.61921
52654.62931
3107.27523
11671326767324711616512.00000
2762550848121119801765299383511667441664.00000
130661914340441609924494428733440.00000
4358780513380634812884189184.00000
641.77143
18432981042610111949639656669184.00000
560279.25839
122107961837279960382874583040.00000
208863166225636462166016.00000
1610037051067066978067864694554624.00000
5428595625966161784672878592.00000
2705267.05300
2844.87285
1025.75360
9645213512072671345667735552.00000
2144.53321
132562.01423
730.67626
420301805189387405042678497280.00000
5413115442068007839587937288192.00000
181735235455608540914656477184.00000
2076.63489
46802138149791190912860160.00000
424303.52640
8405939757193807768487723008.00000
600.32768
691996941348945477537275874434351104.00000
813.64913
3159276730644816766715878079125782528.00000
824645474457836978176.00000
26190046114417483831226498478505984.00000
330240094391743418243003504875779653632.00000
515.01928
281995.24181
5967156573975654894141440.00000
9249524690218732111558059361942110208.00000
945.47826
570822381240722349964677611520.00000
17953032.40703
10354584913771847174573785088.00000
332356694514564862483558825984.00000
19400300293302304879811756032.00000
3408369.23105
72088.68112
119441.84731
609.14923
177573611569111175162338086750257152.00000
13702796891967135654355140608.00000
10097.85475
30948.98931
4256284.33489
6853.87578
4787209436365778321408.00000
281566734697442839411127274700800.00000
249973497674051931521188626432.00000
3562.98163
63484541664963537598506418044928.00000
132200021.57901
724656037742566736658432.00000
2450070.39102
5354970.64864
10666869861984193096623134376722432.00000
25286.73770
1138.80257
8011277919077252636527409758208.00000
3327780194068079807790317568.00000
9273.81413
50117318500395316179069902146728712208384.00000
156072841942925372151961873285120.00000
459.13609
589.80622
494.23034
38601019224340222181376.00000
580.27102
1015827554346829363230299459158016.00000
2948504778684775268352.00000
42227.53801
6881958.70304
1153142448900380932407868522496.00000
448.94037
31995788108071818120658944.00000
4197909077599325.50000
2042196577700685316844644422463258624.00000
70802.49990
85180149022287863102144428235649036845056.00000
695655.03112
4113.34256
23039436716110967795860510012958834688.00000
443.76852
21588.00993
2477.86092
988130518772118601156526080.00000
2237878493268150739374440448.00000
1010420.71877
84931688360207314470758776832.00000
2406.73564
112258346531371607916544.00000
3349.89242
37675017450477029007818752.00000
103465080102621908800830252471266844247448354816.00000
10274537013018540072983592960.00000
30998.58355
1301.15291
4614230777255704395776.00000
541.96721
20848561068352627068108800.00000
3256.47043
1348.74027
666797.66366
25704068924934127019838406656.00000
126275545040158400527447621632.00000
95000.49106
587.02012
5062507058415565453532432695296.00000
2378200514428872595458752512.00000
9207414.07232
7765557.21162
1381168672625726917351158317056.00000
113432350846836756479004462953791488.00000
13320193534572967829347716038656.00000
5585.66018
21743.50157
962.10909
475.14519
29562.39933
506582467288223307856590405632.00000
1130196518292532280095649300480.00000
21973815935401995239038044709322752.00000
24621570354693623455256936448.00000
86686380.67204
618370210077342903777695367168.00000
781.66537
14313951860441862224554045311287296.00000
362001.48025
14978.88530
653520695647641246191337747775488.00000
716.03772
7008554430103570441812179943424.00000
5016026394262759489950187520.00000
789174273501089256267059851952128.00000
3703135712013653033048918897444519936.00000
146443541045194972026449170530304.00000
702471.34850
6330241121178669610115792896.00000
11967318.65606
642.65596
10657121554000.80664
154510189268532797112320.00000
12232479598833095084281776255325437952.00000
2852235.41081
9863.54982
5045.00455
4580.96331
3150890020267120559915008.00000
83542306558550402259398789431296.00000
4410964.20629
731.58298
590728948816480028277454242893004800.00000
715.75822
651.43746
2089483.24250
475944426687330006703445901312.00000
3478.62663
1165770.25783
5229499536995431057989797833485582336.00000
7481210097777898756863494493363503104.00000
137280402775333724767456854016.00000
23676.91620
3191310995364665179851223728128.00000
187770465731094696383479808.00000
33777215810968226962272681984.00000
51123127349506384016898070151168.00000
19341872368242459079964197126144.00000
5225.07344
36900.27400
37163248.75805
161196342862353386005107371409408.00000
585.25654
50534510970058651811776036864.00000
7715880142237352000687294329651200.00000
2363895863107985409873536406781952.00000
739644448397208392109922451456.00000
16676.85899
2007.52150
941.20643
127102112965828368865667767445357592576.00000
17060241263906748769302744699764736.00000
144394926423466898361117572599906304.00000
28668039009492787714343305216.00000
523424162250705155663580889088.00000
1878.09201
12565410095209515372899205120.00000
2208457979987308870553829376.00000
753.04572
1366.68510
13878727939952988542887526400.00000
19025960844370376938154668593250304.00000
58409356577652973890211965522147278848.00000
14451329109043832592744747699798016.00000
92818.05722
503.94320
4511.50495
988301516029186244469168537600.00000
3460381145613372936914682972817326080.00000
1675267575493797221498880.00000
57887716086984123072947185480892416.00000
57561120003366248591130624.00000
126269060693261119159117082605387776.00000
32670954186148065605824356024320.00000
258154795698799848549320715403264.00000
1094451111192648811131126610395136.00000
10806.02208
20859.64531
9482.63116
1268.44261
46655.19376
20135501093716325698633728.00000
6935005667744795255601172054016.00000
710338880665392843937808384.00000
247012.46413
334235103352271964492267520.00000
69013738.30242
976596693423605404016680530499076096.00000
27267639904162791968563265536.00000
556.81112
13273648818717685595504640.00000
139990999381557275861519958016.00000
36787559854351881687963533312.00000
79211.08467
5066291613680648782882877210624.00000
495385307523632616514561637351424.00000
8090846855796486045696.00000
32429655.29650
254496.69398
483.93972
71096.93798
42848.36377
3916162031383773701996544.00000
770563198596543625938725765120.00000
2345.56310
5803131704921101925613568.00000
673.33886
7414718293.49454
980806127672458671401131875422437376.00000
64995.21987
1910808.30603
556.58444
153015.59107
370.81303
3808.54960
194180136474986887555584098304.00000
1323983730881280593582326965783211540480.00000
1669.32736
91314940.37399
17928619397330012372411088896.00000
14533086696503900642522538442752.00000
95155.30098
23112914439914377995349272325624168448.00000
224929107780771131710198569649569792.00000
93506974993288630454232627019776.00000
1444602.02815
155799097444353158397986804334592.00000
18801910315423490096772955880691859196691349504.00000
106277754859018080000064425558016.00000
1344.89920
736529.33114
1265345207879686025499246399062016.00000
3412275679322922651028343377950146560.00000
17058.03329
94403207195667393073381376.00000
595.07080
8115.83887
243169.64476
395817024680836130101507653632.00000
74007603.42608
290185924962148440655137865728.00000
10796.00122
3275322834794861710442353578213376.00000
856.88290
197750830716033020905986504421554237535682560.00000
22982.41322
17382.52418
93831837510268089894448116404723539118942846976.00000
598.43827
2002955272843035575133929472.00000
3854324709375844289946267244879151104.00000
6158.84744
2413.33205
194823200315632347015806976.00000
626.09003
1362.41306
740.50287
377087483638953395871547392.00000
1612632313122828956221833216.00000
34115.19319
136906.68392
7925563139476758965877519417344.00000
6616474.67173
451345.33907
592.12700
705.21717
9848377664252030041335942023741440.00000
163310311035457508632577365019459584.00000
1113.13891
2412.71840
91759550387773906271242448183230464.00000
651.29016
38617520847955124935458816.00000
10796.21526
16111029850889963452744763179008.00000
293578742738722069460025344.00000
80566019502762405737993609429385216.00000
81044.06749
11251855739481443081006350336.00000
109354958869140182828843008.00000
52002315993404407808.00000
7007503669429408293611110400.00000
58993589.72699
174140584792451470889152586987864064.00000
80791549473493653732708057088.00000
22434.23584
223330.41098
800.23235
768480215718863837549559808.00000
733609046831497513160331493376.00000
1771.54474
44222.06213
36090374745395207557544010594513980489728.00000
3292024034559356562753716224.00000
432157962684969681204281344.00000
26192526078729804842946153938944.00000
42898105246554258270305204214334743234140438528.00000
16893.09082
288641599754375880539486814208.00000
603536530100313818409160260190208.00000
525.27167
39099190863266661551919810771681280.00000
14579.21902
2093.56762
39843829573217398015588827136.00000
587.59237
52111075.23692
453588865720295419600175104.00000
12299757414503625180357456822272.00000
4297281788773522916693600219693056.00000
40000693651845919331309490012160.00000
968.25041
34425341160071116372312064.00000
397176443198090495655936000.00000
25395490172013227889765643839366649348096.00000
100492457621902740946944.00000
9905.55016
8399876507964014726013717053440.00000
6895529454215727615835539243008.00000
695.41731
6378551170111629996224889770978836480.00000
435947777652267311939243263131648.00000
23815.30810
35998657570165833431265742684160.00000
717976290443958536007319552.00000
760983040014400529450827980851015319552.00000
1354386466426479408206035340492800.00000
54414725.87708
1384982063877888776694400284622848.00000
368.73083
25846516.61326
660.32409
69883627974143178013783042818048.00000
460.72835
45625011.23577
9175385234271789694435822457640189952.00000
14991.93743
287490732707556219998450638322139136.00000
30871403484546919825408.00000
639.02086
10301857125313057045375010996224.00000
137270855776538990873736005025792.00000
1607.56876
40567826449636.32031
33721177991995556946326264479744.00000
100917409382726864937345351680.00000
394239357722563430216997273600.00000
915819.94697
118325693299448999117215901815930880.00000
8661984.57951
9423.00977
1556854.92588
232533085493345813317367627776.00000
11402512092064072295514112.00000
2530.59035
187621.24091
10955624762918052731721613312.00000
165362205393879802238851874816.00000
935.51729
34978508048532358268944848611442688.00000
792.64144
16246.32581
3518.72552
609.77606
290277.27245
586.18267
694.95535
592.84135
587.12521
607.22355
537.05584
584.21681
542.02894
33922.28983
579.56876
559.51035
584.54416
585.96294
595.30925
592.48065
586.19238
750.31147
590.00713
586.21521
586.15315
586.69649
586.15843
586.01543
556.59029
589.81206
586.15339
543.38980
586.18750
586.25369
576.53008
14185807393812993007419392.00000
356.44826
438.68452
419.32470
238.42760
428.32448
302.74468
371.89981
375.01246
501.87721
335.99325
351.93273
338.11397
35527844817216032735232.00000
337.33431
335.99435
335.22480
1281.72858
335.46264
264165.33020
337.09360
709.12939
3164.49829
249.81199
335.73772
337.38219
546.89006
347.23799
343.61891
432.11682
234.78655
232.68460
240.92727
266.83779
279.17206
330.63885
518.51416
472198511568811.56250
157451.20545
317.58780
238.15141
1155.00426
400.91096
277.24678
650.69805
229.84734
396.28611
238.46140
517.06783
327.41625
280.08046
238.69498
406.52691
238.48963
221.24482
386.70250
237.93216
366.68461
238.42848
238.61957
220.54145
219.22143
4188.69973
221.23013
221.41414
621.84250
246.91614
13921.56583
312.07596
247.07868
221.64515
324.72243
12985.96107
364.20383
217.87242
221.50030
902.17985
11081534.49720
221.14576
383.65524
510.39167
225.56323
221.30441
331.52596
5879725192645947252801536.00000
232.02356
220.13305
539.26423
592.05589
226.58378
218.67623
216.76435
985.32123
397077.93337
263.14542
223.00857
385.09995
216.87695
436.14579
191.46283
240.12896
217.94871
220.54183
222.25333
215.95137
216.26184
227.08426
232.82242
217.51146
217.66387
218.18356
201.93513
356.18101
218.14643
239.73991
194.52064
217.96983
413.91144
217.66231
487.98928
412.63678
3326426988599567606660202496.00000
1435071970575452876046336.00000
192.36192
191.38378
190.88373
193.11772
1564.87884
232.80978
208.35984
219.95288
226.46866
211.58027
191.49346
191.85989
2597543245895229767680.00000
194.56762
830.59651
203.67528
196.30347
242.51437
358.00507
191.67199
213.32206
191.13735
209.42324
332.85383
196.11426
400.63188
193.58719
25753.75566
191.16746
191.27038
295.33725
263.95364
190.96856
201.98422
221.07138
190.97429
192.57881
189.42849
191.10847
190.98592
190.87395
202.27691
191.02873
349.22285
8206.45691
178.77725
191.55743
1645.06687
582.86998
250.47134
191.03275
57881481808881422619250526257152.00000
191.75826
191.66121
190.40279
213.16345
190.80610
