92247.15804
88490.65668
22302.36496
17291.37854
8560.72916
2045.28449
9865.06117
267247.77337
83461.20640
20321.08502
8647.32764
2489.60710
166805.82017
56308.12689
19960.86277
3826.73120
12492.98499
10068.15332
18364.03030
20764.20662
18692.89285
154877.10502
107590.27372
15407.44714
14578.92898
105229.16405
25152.64081
23877.70827
98511.41783
7004.51776
66450.00065
66056.40075
53309.40304
23937.60641
18831.59501
11767.19274
5927.72722
11246.28341
1316.45971
1073.84171
612.03003
555.34846
419.89391
418.07745
402.71173
395.06918
377.16063
360.88211
357.62314
357.56327
334.75878
309.88648
287.73574
257.95208
254.41165
246.56517
242.87211
240.49799
232.57328
202.07100
189.73585
184.34760
182.86010
182.88052
180.73355
181.69185
174.11983
167.43579
167.14595
166.96461
162.96741
162.84233
149.70358
149.33060
134.16862
132.71110
132.58070
132.61036
132.65882
132.19243
132.26320
127.80758
128.11936
127.45816
123.83751
123.78668
123.48133
120.79233
120.69478
119.72160
118.13379
107.27083
107.18034
106.12835
109.64375
108.97471
106.04620
105.46841
109.11382
104.94251
105.26764
104.89924
104.63164
104.59211
104.94471
104.65772
103.98789
109.49547
103.53797
103.84011
103.46317
103.21206
107.68283
103.24087
