132.89061
207762.97127
5873.22768
8976.21725
287.21725
295.25887
300.81257
121.26779
112.14410
80.39756
77.56219
75.93146
73.57518
71.06610
70.33203
68.05470
67.58541
67.38552
67.00604
66.16769
65.52052
65.19876
58.89326
58.01602
57.43092
57.38579
56.11566
55.30539
55.17337
55.05303
54.94761
54.89723
54.81897
54.07171
53.11077
52.34282
51.87627
51.81629
46.46847
46.21477
45.90898
45.86340
42.39056
41.81953
41.77354
41.36080
41.36308
40.90460
40.79787
40.75270
40.44125
40.27631
40.13206
39.95618
39.69368
39.59943
39.38715
39.18419
39.13068
38.50797
38.46238
38.18364
38.16685
37.97289
34.37644
33.76159
33.25167
33.18554
33.16549
33.11913
33.10153
33.02436
32.98464
32.97784
